ncomps	x	y	amplitude	err amplitude	shift	err shift	width	err width	rms	residual	chi2	dof	redchi2	aic
3.0	0.0	0.0	0.2758253357776746	0.025462107726240888	34.61040290133266	0.10315059693856406	0.5186918883021616	0.08548232241184048	0.06487953645267518	0.09597536876079828	323.283909104166	134.0	2.4125664858519853	349.683909104166
3.0	0.0	0.0	0.25302557902730305	0.02235464080487824	36.284612964973505	0.10892102907290596	0.6123928409075561	0.2075436667458691	0.06487953645267518	0.09597536876079828	323.283909104166	134.0	2.4125664858519853	349.683909104166
3.0	0.0	0.0	0.30827269563942167	0.04243138684526105	37.643309460725234	0.07343234367126257	0.37860087165385115	0.059577777409245095	0.06487953645267518	0.09597536876079828	323.283909104166	134.0	2.4125664858519853	349.683909104166
2.0	1.0	0.0	0.2964486058694632	0.028220843447158375	34.98819645199745	0.13373193477883147	0.9504076359012379	0.14548780815046672	0.05451113817012364	0.10526048281467405	549.538535705902	137.0	4.011230187634321	566.6131625715736
2.0	1.0	0.0	0.4334230157642102	0.0354353363381405	37.41742707647097	0.07202559807331035	0.5974922521330135	0.06991637054574656	0.05451113817012364	0.10526048281467405	549.538535705902	137.0	4.011230187634321	566.6131625715736
2.0	2.0	0.0	0.3255603379347878	0.028208505507047905	34.8581031352424	0.07974975041323551	0.7660823832065649	0.08587430776894488	0.04836632619213321	0.09565225474478768	579.1840094659395	137.0	4.227620507050654	596.2586363316113
2.0	2.0	0.0	0.6440590606259728	0.031998507020652746	37.42977005780584	0.035478762459667	0.5788882591796709	0.03689706088231906	0.04836632619213321	0.09565225474478768	579.1840094659395	137.0	4.227620507050654	596.2586363316113
2.0	3.0	0.0	0.31390812832063997	0.0253605996814467	34.851066613838185	0.050857747215429974	0.5441956694318029	0.05155239051724269	0.04834421448766047	0.07412479239295731	343.959516406282	137.0	2.510653404425416	361.0341432719536
2.0	3.0	0.0	0.8040525668167446	0.025034713032329802	37.42379819885217	0.02011504802186993	0.5585636198663224	0.020396884779389182	0.04834421448766047	0.07412479239295731	343.959516406282	137.0	2.510653404425416	361.0341432719536
2.0	4.0	0.0	0.26859527641860215	0.024285223793159883	34.921204887452454	0.0430490492659828	0.41187549012777436	0.04323593770778295	0.05105861165536837	0.06250630896713003	215.08134923160497	137.0	1.5699368557051459	232.1559760972766
2.0	4.0	0.0	0.8488559836351356	0.02066881933030414	37.3802687162013	0.016004792285262925	0.5693911769986042	0.016098995544762955	0.05105861165536837	0.06250630896713003	215.08134923160497	137.0	1.5699368557051459	232.1559760972766
1.0	5.0	0.0	0.7855569846216207	0.02646298830239419	37.32027367483186	0.02384422569414852	0.6129826910422473	0.023844186725166576	0.06810391524737232	0.08186086022314452	218.7250097655765	140.0	1.5623214983255462	227.01486483804027
3.0	0.0	1.0	0.19039862807893582	0.018390499516453048	34.728093940010254	0.1293764382491457	0.5717468414549788	0.11273368096017534	0.05351479572580326	0.06570982465068306	218.41128259562788	134.0	1.6299349447434917	244.8112825956279
3.0	0.0	1.0	0.199050327691323	0.021803659137404924	36.456596654927665	0.19867005191194684	0.5608911653569034	0.26895801150221954	0.05351479572580326	0.06570982465068306	218.41128259562788	134.0	1.6299349447434917	244.8112825956279
3.0	0.0	1.0	0.3162020571847092	0.06927250360234832	37.5769150434274	0.09779176563662591	0.3891871202551618	0.0628591717899211	0.05351479572580326	0.06570982465068306	218.41128259562788	134.0	1.6299349447434917	244.8112825956279
2.0	1.0	1.0	0.19530475433499037	0.01778861501453539	35.09097808230083	0.15558857088483097	1.0115865070738863	0.16397144509958136	0.042067204194523505	0.06864286004177218	388.4056087071674	137.0	2.8350774358187403	405.48023557283904
2.0	1.0	1.0	0.47106799059487375	0.025909663329271672	37.38252044409667	0.0447938026105313	0.5711377294730393	0.04234696147851563	0.042067204194523505	0.06864286004177218	388.4056087071674	137.0	2.8350774358187403	405.48023557283904
2.0	2.0	1.0	0.1920435879094238	0.017453376845010787	34.986792832434986	0.12110437304278411	0.9551563078133862	0.13360840785395423	0.03886451956679228	0.06555884471469134	414.2705444840258	137.0	3.023872587474641	431.3451713496974
2.0	2.0	1.0	0.6778930176744926	0.022651711707271725	37.40784413970899	0.026019039449148598	0.5548501657808185	0.025631287569098236	0.03886451956679228	0.06555884471469134	414.2705444840258	137.0	3.023872587474641	431.3451713496974
2.0	3.0	1.0	0.1907511131693723	0.017921525496221072	34.88562428201326	0.06442363077962847	0.5892317586007119	0.06630250196042871	0.039033378700299846	0.05474951415280113	283.29495410905736	137.0	2.067846380358083	300.369580974729
2.0	3.0	1.0	0.8011467104314487	0.018258337864343232	37.40230525618742	0.015053887312096748	0.5671753526922387	0.015471857846205302	0.039033378700299846	0.05474951415280113	283.29495410905736	137.0	2.067846380358083	300.369580974729
2.0	4.0	1.0	0.16538134566992832	0.018460599631350175	34.924409437720364	0.05636941634708046	0.4359308888759339	0.056841393940910846	0.042163419235819906	0.048935573179295186	192.6292053443573	137.0	1.4060525937544328	209.70383221002896
2.0	4.0	1.0	0.7904856474496283	0.01586545357475621	37.377606187143606	0.013720183947554455	0.592056721669278	0.013881084854142994	0.042163419235819906	0.048935573179295186	192.6292053443573	137.0	1.4060525937544328	209.70383221002896
1.0	5.0	1.0	0.7034843623090454	0.020172624938563283	37.324361043724366	0.021106752750070706	0.6374249683888051	0.02110664011548338	0.056422096326226634	0.06463541142911225	192.56578924812737	140.0	1.3754699232009098	200.85564432059115
1.0	0.0	2.0	0.40166975944995803	0.01875349389876426	37.28778619017691	0.030432725234042897	0.5645330917451501	0.030433085789772347	0.05118188605164763	0.054937105449536575	179.10768885464006	140.0	1.2793406346760003	187.39754392710384
1.0	1.0	2.0	0.5742942937167664	0.01660527964001362	37.29040075960272	0.019674277039630147	0.5892863276902272	0.01967434025648335	0.03876078087098961	0.0478820268569737	255.58868579992105	140.0	1.825633469999436	263.87854087238475
1.0	2.0	2.0	0.7528188872633559	0.016992868825974974	37.33727954013844	0.015098922863690488	0.5793440669022714	0.015099129040455692	0.03703140412185686	0.04877443611014776	288.2830895158463	140.0	2.059164925113188	296.57294458831007
1.0	3.0	2.0	0.7977847256266223	0.015492914813324371	37.386948764208576	0.012901683678204682	0.5753687402470162	0.012901764739080427	0.036963562190491614	0.04613578697648132	238.87321965105036	140.0	1.7062372832217882	247.16307472351414
1.0	4.0	2.0	0.701217903034722	0.014535929935912604	37.390711784290325	0.01449461023841879	0.6055747944023304	0.014494718830153037	0.04267578427729851	0.045528506537200815	166.03148537014846	140.0	1.1859391812153461	174.32134044261224
1.0	5.0	2.0	0.5773574111294429	0.01711162470930941	37.34640701892498	0.02222188192355185	0.649399139679981	0.022222246987561912	0.05484275473369388	0.05592991819965992	149.39573006412706	140.0	1.0671123576009076	157.68558513659084
1.0	0.0	3.0	0.4949243665690203	0.016002650326082415	37.29023573009128	0.017897878843840004	0.4793705471454477	0.01789782032408251	0.04594063611286622	0.04465071073080244	137.46116377852232	140.0	0.9818654555608737	145.75101885098607
1.0	1.0	3.0	0.6666011121453013	0.011677206106032201	37.29680436408713	0.010656295047222299	0.5267982738196164	0.01065621197430039	0.03694065526872012	0.03390555216711954	124.405554125735	140.0	0.8886111008981071	132.69540919819877
1.0	2.0	3.0	0.8029660210243604	0.012202301784869809	37.339017591862365	0.009628139494742404	0.5486811617117144	0.009628108170747166	0.035107007450828474	0.03630620918504785	156.65172851966963	140.0	1.1189409179976402	164.9415835921334
1.0	3.0	3.0	0.762753527959112	0.012321903562349112	37.39678547148531	0.010455432370061878	0.5605436994889617	0.010455554592808319	0.03525705110421417	0.037486310440474555	161.79551845759264	140.0	1.1556822746970903	170.08537353005644
1.0	4.0	3.0	0.5946870545111271	0.012796440187815191	37.41895607740094	0.01457339883168078	0.5865154769551228	0.014573337186721933	0.039614068145309496	0.03982978413718651	144.63724878199315	140.0	1.0331232055856654	152.92710385445693
2.0	5.0	3.0	0.20921216376846985	0.04025426503977142	36.63699531892524	0.14087609321615474	0.378839141118656	0.09211505947165431	0.051314744274087054	0.04776361797479043	124.05392132102462	137.0	0.9055030753359461	141.12854818669626
2.0	5.0	3.0	0.4618917572181981	0.030140137537166937	37.58991272106295	0.07181376652642683	0.42253053227610526	0.049512557385841094	0.051314744274087054	0.04776361797479043	124.05392132102462	137.0	0.9055030753359461	141.12854818669626
1.0	0.0	4.0	0.5238901392999764	0.016446028172616416	37.254428215939846	0.01634017772038017	0.45079619171933727	0.016340275582716057	0.04461038797360751	0.044734136102095326	144.78872276203424	140.0	1.034205162585959	153.07857783449802
1.0	1.0	4.0	0.6783256423618046	0.011816633154424463	37.283201380712114	0.009834440479250375	0.4889016673322275	0.00983442711231673	0.03698344312047257	0.033430386411038786	117.95332355668498	140.0	0.842523739690607	126.24317862914874
1.0	2.0	4.0	0.7622140202723848	0.010867786236855128	37.335336255036715	0.008533982529214801	0.5183265161090134	0.00853393179348655	0.033823368148789903	0.0316511430095229	126.46647993278404	140.0	0.903331999519886	134.75633500524782
1.0	3.0	4.0	0.6624863995149218	0.01116979194869145	37.390379008422556	0.010601808698966892	0.5445447431614878	0.010601771923643961	0.03474330137898471	0.03347112316146578	133.01517258361042	140.0	0.9501083755972173	141.30502765607417
1.0	4.0	4.0	0.4704078639424517	0.012109741757786792	37.40751180911854	0.017378445478654966	0.5845791220062462	0.01737819839640358	0.03949663730934165	0.0374960862867936	129.87685945116445	140.0	0.9276918532226032	138.16671452362823
1.0	5.0	4.0	0.3312455644593494	0.01634410910100724	37.37300362955763	0.035726625112306336	0.6271152603967904	0.0357270865723739	0.05048682224165911	0.05261068803418651	155.3114641775211	140.0	1.1093676012680078	163.60131924998487
1.0	0.0	5.0	0.5245757811952348	0.017406277790680807	37.210660657141624	0.01653967254430098	0.4316861252015014	0.01653973342505784	0.04567201521554157	0.04632118879397765	148.17934521406858	140.0	1.058423894386204	156.46920028653233
1.0	1.0	5.0	0.6318224091535931	0.013076731620559874	37.27711892396732	0.011116654150110372	0.4651580637297923	0.011116654167386643	0.03684764465078657	0.036116064326416134	138.45006737182703	140.0	0.9889290526559074	146.73992244429508
1.0	2.0	5.0	0.677424078692736	0.011552497915582993	37.344286783736614	0.00959187159396846	0.4871073555185528	0.009591895268870393	0.033802632949906895	0.032386363968134865	134.45752580810415	140.0	0.9604108986293154	142.74738088056793
1.0	3.0	5.0	0.5553727343689007	0.011366391038196724	37.37526598340554	0.012463825284703672	0.5274344882537736	0.012463946893004172	0.03616361303238375	0.033435904633541895	123.13098666796648	140.0	0.879507047628332	131.42084174043026
1.0	4.0	5.0	0.3621170698591733	0.012333083888722307	37.340784019013874	0.024816432101101772	0.6310179057718546	0.024816382080176926	0.04030877784593552	0.0398183697943616	139.60571478755602	140.0	0.9971836770539716	147.8955698600198
1.0	5.0	5.0	0.24566326057711005	0.01592311661946284	37.266870597655426	0.05396100504542931	0.7208911131401063	0.05396006520748781	0.051523257896897594	0.05496276800567817	162.73023924278556	140.0	1.1623588517341825	171.02009431524934
1.0	0.0	6.0	0.4673065805364097	0.01656362174448775	37.261806785774525	0.019573970875780413	0.47828174532862633	0.019574201499336398	0.04499779308251683	0.04655521873219673	153.14643966094383	140.0	1.093903140435313	161.4362947334076
1.0	1.0	6.0	0.5549468745548175	0.013365824331201414	37.35323874374965	0.013821676965589764	0.49698570513195905	0.013821658986328332	0.03800021959909227	0.03829443895261256	145.30445938190613	140.0	1.0378889955850437	153.5943144543699
1.0	2.0	6.0	0.6001917461504345	0.012579735423322991	37.41278007184894	0.012105941659317356	0.5002180646027854	0.012105999497021515	0.03514585787111374	0.0359240855376464	151.44676186050555	140.0	1.0817625847178967	159.73661693296933
1.0	3.0	6.0	0.47423932860916534	0.012713076638472225	37.39230971750969	0.01740253836448276	0.5621486679898429	0.01740227852472793	0.035655548125093715	0.0384997345555155	168.90321508600792	140.0	1.206451536328628	177.19307015847173
2.0	4.0	6.0	0.19665645483954758	0.02708616294752246	36.7054287965531	0.2203176498944299	0.5491170242585299	0.1415797660983738	0.041756433697170615	0.039656822804436165	129.04969894199095	137.0	0.9419686054159924	146.1243258076626
2.0	4.0	6.0	0.2671113247014996	0.06862444560621966	37.64879544165534	0.08429708871843754	0.3698858383005512	0.05597933593460867	0.041756433697170615	0.039656822804436165	129.04969894199095	137.0	0.9419686054159924	146.1243258076626
0.0	5.0	6.0	0.0	0.0	0.0	0.0	0.0	0.0	0.053933226482934325	0.08617115765810013	0.0	0.0	0.0	0.0
1.0	0.0	7.0	0.45830284311687164	0.017336203818278738	37.403999229301746	0.021684190000414126	0.4963835323291672	0.021683711017093262	0.04649721861085259	0.049308604181123365	163.08759502605483	140.0	1.1649113930432489	171.37745009851864
1.0	1.0	7.0	0.5509447126003789	0.014200813017416583	37.486384591109214	0.015337665785596581	0.5153243338082909	0.015337640588322632	0.038550601815055346	0.041232549358561486	165.2574793022773	140.0	1.1804105664448379	173.54733437474104
1.0	2.0	7.0	0.579767833962796	0.013051295769739362	37.518279211135024	0.013925105510033	0.5357098361218731	0.013925105301722666	0.03609608098334583	0.03873696255314766	165.51236301658463	140.0	1.1822311644041759	173.80221808905
1.0	3.0	7.0	0.43356807921820967	0.012308861362433265	37.46115353577265	0.0204567567509408	0.6239422568693298	0.02045629658605747	0.036611050915988944	0.039338042557790935	166.69057551196823	140.0	1.1906469679426301	174.98043058443204
2.0	4.0	7.0	0.15049227828082454	0.021117335933202506	36.411318675960295	0.0818590803768217	0.3500107131219383	0.06636633129441703	0.040202436078956044	0.036248635348955956	116.82970937318154	137.0	0.8527716012640989	133.90433623885318
2.0	4.0	7.0	0.2814249957051339	0.013480037346034065	37.526154978154366	0.057735100303103845	0.4942367760889035	0.051830052390790804	0.040202436078956044	0.036248635348955956	116.82970937318154	137.0	0.8527716012640989	133.90433623885318
0.0	5.0	7.0	0.0	0.0	0.0	0.0	0.0	0.0	0.05153195812355883	0.07438404858112335	0.0	0.0	0.0	0.0
1.0	0.0	8.0	0.5550937476420258	0.017253991211360283	37.45170410520168	0.017156505041911057	0.47800916347632194	0.01715650463345004	0.05061356578900869	0.048485106076038294	131.27897197098048	140.0	0.9377069426498605	139.5688270434451
1.0	1.0	8.0	0.6181388451519533	0.014763031039637605	37.518717803334674	0.014573336502796401	0.5284321303955775	0.014573273545660112	0.041059178020441574	0.043619303844120376	161.45099474152073	140.0	1.1532213910108624	169.7408498139845
1.0	2.0	8.0	0.6063545260990909	0.013743779293402312	37.55611827629503	0.015246425522476553	0.5825314987745303	0.015246427190118246	0.03834931896427542	0.042458088468047564	176.81940601167304	140.0	1.262995757226236	185.10926108413682
1.0	3.0	8.0	0.4406282944941951	0.011823638483990026	37.53026896500201	0.020446682833850267	0.6599039069738308	0.020446725062045396	0.03648303035315586	0.03885418763460382	163.79885774563724	140.0	1.1699918410402659	172.08871281810102
1.0	4.0	8.0	0.24818380181302188	0.010337466495427468	37.45927826522713	0.039001878572343274	0.8109740229552218	0.03900224884743029	0.03870913766202397	0.037735505470547305	136.67870974552238	140.0	0.9762764981823028	144.9685648179862
0.0	5.0	8.0	0.0	0.0	0.0	0.0	0.0	0.0	0.04995726140333462	0.06533744931221008	0.0	0.0	0.0	0.0
1.0	0.0	9.0	0.707369198344707	0.018748339091352834	37.438437680218875	0.015129548593778989	0.4943440302434432	0.015129482129759349	0.051896514416168674	0.053444224679897796	152.47522758009003	140.0	1.0891087684292144	160.76508265255382
1.0	1.0	9.0	0.7440282608720616	0.018243580464094918	37.47494389931977	0.015961520262363797	0.5636853313299977	0.01596122986939198	0.042960860713814206	0.055177389459625886	240.24605765370387	140.0	1.7160432689550276	248.53591272616765
2.0	2.0	9.0	0.7404236694805505	0.015707915852140864	37.406618935232686	0.024604513713903042	0.5006362330372065	0.020921015873140304	0.03762832199739455	0.040668168396205184	168.02159003204605	137.0	1.2264349637375624	185.09621689771768
2.0	2.0	9.0	0.21062102171895872	0.016110798133174526	38.76166819501607	0.08529504426387892	0.49066239234701303	0.07186947530990387	0.03762832199739455	0.040668168396205184	168.02159003204605	137.0	1.2264349637375624	185.09621689771768
2.0	3.0	9.0	0.548899902002377	0.01255908621341524	37.400483045289874	0.0209294123491622	0.5271848783868043	0.021382977331244273	0.03670102333494881	0.035527739347678375	136.42883442607342	137.0	0.995830908219514	153.50346129174503
2.0	3.0	9.0	0.2074562084240982	0.014142746015990557	38.835983627521784	0.04926574765181304	0.42083833089509604	0.04650021703468382	0.03670102333494881	0.035527739347678375	136.42883442607342	137.0	0.995830908219514	153.50346129174503
2.0	4.0	9.0	0.30997740189978923	0.012248808101672289	37.41490095392156	0.03562512930621225	0.5979135398866984	0.03855438360732944	0.03881436655294748	0.03615619470258316	128.55501359682407	137.0	0.9383577634804676	145.62964046249573
2.0	4.0	9.0	0.14675255819628066	0.015474321918837528	38.928889402320195	0.058996063137924055	0.3761765695324426	0.05693624834641742	0.03881436655294748	0.03615619470258316	128.55501359682407	137.0	0.9383577634804676	145.62964046249573
0.0	5.0	9.0	0.0	0.0	0.0	0.0	0.0	0.0	0.05460375584697025	0.06741688400506973	0.0	0.0	0.0	0.0
1.0	0.0	10.0	0.8183001084844197	0.019440948518810557	37.431202997691535	0.014397244906677672	0.5247899575698478	0.014397131829940455	0.04889624971530493	0.057211822865095185	196.06320284100332	140.0	1.4004514488643094	204.3530579134671
1.0	1.0	10.0	0.88630793611416	0.02172969723691295	37.444668661947766	0.016857039846244377	0.5954098944015365	0.016856872057801776	0.03900938550479162	0.06779287275593107	436.6332024262384	140.0	3.1188085887588457	444.9230574987022
2.0	2.0	10.0	0.9198388146826301	0.017877838877923012	37.31932506732104	0.019830046790145276	0.4789256650424667	0.01647675947959247	0.036436569211793626	0.04303973043716766	200.1257175208103	137.0	1.4607716607358416	217.20034438648193
2.0	2.0	10.0	0.32984603813506086	0.015563156365092855	38.70880959634705	0.05986647041466665	0.5370746347992497	0.05226573580994163	0.036436569211793626	0.04303973043716766	200.1257175208103	137.0	1.4607716607358416	217.20034438648193
2.0	3.0	10.0	0.6837355223785708	0.01359145444282546	37.32063348049968	0.017682004248942743	0.5075062769092944	0.017670567154831868	0.037023523081633855	0.03795388786563873	153.14625805625587	137.0	1.1178558982208457	170.2208849219275
2.0	3.0	10.0	0.3370634858773623	0.014117027639232399	38.81339343205685	0.03451497742646893	0.4696115287520577	0.03349311662633913	0.037023523081633855	0.03795388786563873	153.14625805625587	137.0	1.1178558982208457	170.2208849219275
2.0	4.0	10.0	0.37605531646871826	0.012291799187912194	37.38481774912028	0.027872309150719487	0.5998948649839677	0.030570302528870042	0.042425132774326045	0.036681952936125146	108.63299491598082	137.0	0.7929415687297869	125.70762178165246
2.0	4.0	10.0	0.24787166681658004	0.015462890882113826	38.93587609133955	0.033155545271879514	0.36967711163232186	0.03253908152731896	0.042425132774326045	0.036681952936125146	108.63299491598082	137.0	0.7929415687297869	125.70762178165246
0.0	5.0	10.0	0.0	0.0	0.0	0.0	0.0	0.0	0.054943665812386314	0.08054058998823166	0.0	0.0	0.0	0.0
1.0	0.0	11.0	0.7964187632359978	0.017110152878775924	37.48162381301567	0.013572987173337424	0.5471614295627063	0.013573102840464677	0.04794313554706199	0.05142437107746045	164.69086040890892	140.0	1.1763632886350637	172.9807154813727
2.0	1.0	11.0	0.9557778378560029	0.01438817408895915	37.457539778979324	0.01071997442856213	0.556887519980817	0.011885142659178949	0.037636522427161506	0.041432515266979074	176.3460517073539	137.0	1.2871974577179117	193.42067857302553
2.0	1.0	11.0	0.20735637115793767	0.01873578665342909	38.943688761059256	0.03742223057557782	0.31252556585699853	0.03763597174334521	0.037636522427161506	0.041432515266979074	176.3460517073539	137.0	1.2871974577179117	193.42067857302553
2.0	2.0	11.0	0.9821909364955367	0.023597071026830483	37.363096867254654	0.02635985372225694	0.5031791639485073	0.018816692676775482	0.037353418616403046	0.04259843148965134	186.00588561075267	137.0	1.3577071942390706	203.08051247642436
2.0	2.0	11.0	0.3527014350161134	0.0196172406588687	38.67165789491031	0.07906087896567349	0.5450144426128756	0.05863353902967613	0.037353418616403046	0.04259843148965134	186.00588561075267	137.0	1.3577071942390706	203.08051247642436
2.0	3.0	11.0	0.7501020501967739	0.015268901821861441	37.36060778679159	0.02559325659436191	0.5215720854164854	0.02147747729190485	0.03880565481159939	0.039938789569808106	152.17177772463447	137.0	1.1107429030995217	169.2464045903061
2.0	3.0	11.0	0.39427752545055234	0.016568463541117514	38.72675590998259	0.04668574934171373	0.4921151580737706	0.03816311247279356	0.03880565481159939	0.039938789569808106	152.17177772463447	137.0	1.1107429030995217	169.2464045903061
2.0	4.0	11.0	0.4226639795149132	0.012443281021276998	37.50037092176206	0.035142324012876494	0.6719524442265243	0.03655840285877795	0.042253795039422094	0.03945941836085577	124.74651258068283	137.0	0.9105584859903857	141.82113944635444
2.0	4.0	11.0	0.27246688487616777	0.020725557638246763	38.904530854616226	0.033144115712050025	0.33939752725204153	0.03228065869558862	0.042253795039422094	0.03945941836085577	124.74651258068283	137.0	0.9105584859903857	141.82113944635444
0.0	5.0	11.0	0.0	0.0	0.0	0.0	0.0	0.0	0.053665283250055276	0.09783010929822922	0.0	0.0	0.0	0.0
1.0	0.0	12.0	0.6600803284522346	0.017711916264858685	37.60083662173452	0.016115462841603947	0.5201221567433656	0.016115467561026824	0.052084172270982915	0.051628263881711975	142.1471422057891	140.0	1.0153367300413507	150.4369972782529
2.0	1.0	12.0	0.8313201115738456	0.013938209359833587	37.604145987790226	0.011340867522275888	0.5594619961746399	0.012465230011521033	0.039833689461695965	0.040289532359541184	149.69539932290877	137.0	1.0926671483423998	166.7700261885804
2.0	1.0	12.0	0.12376035009338864	0.021143459338713824	39.020475790579425	0.049347959522660675	0.2342398335438136	0.050113598177895916	0.039833689461695965	0.040289532359541184	149.69539932290877	137.0	1.0926671483423998	166.7700261885804
2.0	2.0	12.0	0.9190539918182085	0.012496602158186064	37.62727984526352	0.013437751407041022	0.6028900939703692	0.014346539472505297	0.03680587634131082	0.03746254416607513	148.35970313290744	137.0	1.0829175411161127	165.43432999857907
2.0	2.0	12.0	0.18900975457615762	0.01995532591387859	38.9148887653149	0.040501596421188515	0.29634148331658205	0.03997767605672361	0.03680587634131082	0.03746254416607513	148.35970313290744	137.0	1.0829175411161127	165.43432999857907
2.0	3.0	12.0	0.7477078723405307	0.011970753426209828	37.67813084788847	0.028811251136107646	0.6506947742218359	0.025113775022184585	0.037724548867792626	0.03647464678719374	133.70379540245378	137.0	0.9759401124266699	150.7784222681254
2.0	3.0	12.0	0.22817071766197133	0.03137406485202489	38.82449536722533	0.04204414530214413	0.32857399350408056	0.04214512259302621	0.037724548867792626	0.03647464678719374	133.70379540245378	137.0	0.9759401124266699	150.7784222681254
1.0	4.0	12.0	0.4823724729727038	0.012258438528069515	37.94100402664467	0.023926553040343683	0.8154217562819506	0.023926726795309078	0.041864500622473565	0.0447510031687733	165.21836778066765	140.0	1.1801311984333402	173.5082228531314
0.0	5.0	12.0	0.0	0.0	0.0	0.0	0.0	0.0	0.05445491644903669	0.11422817409038544	0.0	0.0	0.0	0.0
1.0	0.0	13.0	0.46806113215847345	0.019279676355480307	37.75082442323421	0.020896392678516416	0.439340313382393	0.020896358783940295	0.05116128581781605	0.05170012261178961	147.44627213015383	140.0	1.0531876580725275	155.7361272026176
1.0	1.0	13.0	0.6347316870274797	0.015949769845185816	37.77225161354035	0.014544493758849001	0.5012785650060676	0.014544577788697787	0.04129276415400352	0.045901624412660866	176.74385013628483	140.0	1.2624560724020346	185.03370520874861
2.0	2.0	13.0	0.7806635159590891	0.013447812528165608	37.8130682863581	0.014002054592892764	0.5518091062431174	0.015295507237053007	0.03812874084704622	0.038570288953093834	146.94954794586528	137.0	1.0726244375610605	164.02417481153688
2.0	2.0	13.0	0.12557955040849367	0.028109506186859496	38.79121572233162	0.03658437076683838	0.15421616554031914	0.042624277601333097	0.03812874084704622	0.038570288953093834	146.94954794586528	137.0	1.0726244375610605	164.02417481153688
2.0	3.0	13.0	0.7265883154877885	0.011203037445312735	37.918179707075105	0.01797477922367275	0.6196161416796426	0.016277766341360616	0.03829458545881204	0.03472751466762667	117.72580027805624	137.0	0.8593124107887317	134.80042714372786
2.0	3.0	13.0	0.12734485463655942	0.02823062455604739	38.752543053201414	0.031759679413509184	0.15587554841125084	0.04248633440991885	0.03829458545881204	0.03472751466762667	117.72580027805624	137.0	0.8593124107887317	134.80042714372786
2.0	4.0	13.0	0.5373482776425993	0.014199686473807763	38.02677939138992	0.030609547536783018	0.6234502391643304	0.025371524343228636	0.043714663545667734	0.04316296737100605	139.41935926934045	137.0	1.0176595567105142	156.49398613501208
2.0	4.0	13.0	0.13514810807186523	0.03516793844735896	38.780832480989275	0.03687535795771619	0.15206032157311045	0.048918508342814054	0.043714663545667734	0.04316296737100605	139.41935926934045	137.0	1.0176595567105142	156.49398613501208
1.0	5.0	13.0	0.37879249124743436	0.019003106917537756	38.181024707407175	0.03603242183223605	0.6220083858410035	0.03603236426405469	0.05661594278120087	0.06079888362822865	165.6092506048479	140.0	1.1829232186060563	173.89910567731167
1.0	0.0	14.0	0.3436132141395478	0.0211501333661897	37.89534738518612	0.023349322795411215	0.3285175976393009	0.023349286496266518	0.05263116866701667	0.049269328421541726	125.3760498756916	140.0	0.8955432133977972	133.66590494815537
1.0	1.0	14.0	0.5000896265849137	0.017016466664330366	37.91548934276497	0.015450037812769836	0.39320394267741365	0.015449890172809998	0.04211121144153368	0.0430335304176945	151.73602091397152	140.0	1.0838287208140822	160.0258759864353
1.0	2.0	14.0	0.6504382830085261	0.015028693680708546	37.97127569792548	0.012978778334820617	0.4864624417228438	0.012978778445164986	0.038715236366503404	0.042046635941621814	173.23738601304495	140.0	1.2374099000931782	181.52724108551135
1.0	3.0	14.0	0.6727595562369997	0.012832451346571256	38.06213084251355	0.012301747357926331	0.5585042898983579	0.012301647093392779	0.03885753794708271	0.0385291458773322	143.95374586147523	140.0	1.0282410418676802	152.243600933939
1.0	4.0	14.0	0.5490823146200956	0.013993361359191372	38.153714453704694	0.017544988717469436	0.5961967604124578	0.01754492678488878	0.044617022922162276	0.04367227995025634	138.59659169676814	140.0	0.9899756549769153	146.88644676923192
1.0	5.0	14.0	0.40478680129852224	0.01805515621024163	38.204560147636165	0.031234479630068087	0.6064164846974356	0.031234261788340295	0.05800650297126143	0.057141179684990426	138.85018623647343	140.0	0.9917870445462388	147.1400413089372
1.0	0.0	15.0	0.3126843048912875	0.023657746564924066	37.96258418569528	0.025606360482402477	0.2930909394084915	0.025606252148144694	0.05421885803372558	0.05012472070461305	131.87653296436312	140.0	0.9419752354597366	140.16638803682687
1.0	1.0	15.0	0.4609279858992289	0.019129485447354284	37.975888430789354	0.015865478939539084	0.33106526377949774	0.015865478581760392	0.044947134219082134	0.042057702147200594	141.71957509979393	140.0	1.0122826792842423	150.00943017225816
1.0	2.0	15.0	0.6046426493187756	0.017595231437808608	37.99987924816456	0.01354490849173954	0.40308660561414444	0.013544833838804823	0.039245381531268574	0.042982485242074604	191.4842188636701	140.0	1.3677444204547864	199.77407393613387
1.0	3.0	15.0	0.6267000097112052	0.016194159552129956	38.035503372172435	0.01513077963649619	0.5071297463574427	0.015130938390846465	0.039956537459126376	0.044931011714132	196.85962218047473	140.0	1.4061401584319624	205.14947725293854
1.0	4.0	15.0	0.5350524333479056	0.015346365143003885	38.0683874011766	0.01989556212202684	0.600638123861267	0.019895087406849404	0.04520446162233177	0.04701992232149648	163.6131406027205	140.0	1.168665290019432	171.90299567518426
1.0	5.0	15.0	0.43683719110614216	0.017573980841954547	38.0625687812792	0.029119660761610315	0.6267898424723641	0.029119196078929398	0.05641763436614362	0.05589509992720926	143.7393915446914	140.0	1.0267099396049384	152.02924661715514
1.0	0.0	16.0	0.2425042110242437	0.02496340779689582	37.9963844199188	0.03606504856376689	0.3034145701665545	0.0360651197668236	0.054063915301603635	0.052366838015408965	152.87634682723285	140.0	1.091973905908806	161.16620189969663
1.0	1.0	16.0	0.3755795288379657	0.02150536999571179	37.99265342948673	0.020559985214734094	0.31095613511191034	0.0205598881720544	0.0449528929853409	0.0439575996701298	168.188986551461	140.0	1.2013499039390072	176.47884162392478
1.0	2.0	16.0	0.5361014164657838	0.02100803454174636	37.993822445294725	0.01585351412588434	0.3503512989211903	0.01585340705411571	0.039958822558126085	0.04470007876734262	228.86121553922266	140.0	1.6347229681373048	237.15107061168646
1.0	3.0	16.0	0.6249119542995237	0.020940470631604854	37.99155076148013	0.01682938768172743	0.4348996395805145	0.016829074948987773	0.0396597230309368	0.050618326153872184	286.55265270066207	140.0	2.0468046621475864	294.8425077731258
1.0	4.0	16.0	0.6104566454743034	0.019836649871013474	37.98982671290434	0.018678832524608183	0.4977954202066526	0.018678710283201522	0.04236274091383696	0.05278515670019423	257.9548906781996	140.0	1.8425349334157115	266.24474575066336
1.0	5.0	16.0	0.5701139606831389	0.021633396083988468	37.979090653874565	0.02128844033750639	0.4859364430826816	0.021289042382573828	0.053501673891122564	0.058195949310590335	187.74243708191014	140.0	1.3410174077279295	196.0322921543739
0.0	0.0	17.0	0.0	0.0	0.0	0.0	0.0	0.0	0.05523431617238829	0.0594157800078392	0.0	0.0	0.0	0.0
1.0	1.0	17.0	0.23194032106442256	0.022917437819071032	38.030645574823595	0.03145218830346623	0.2756664672941822	0.0314520608691121	0.042650805526097686	0.04436192015373379	188.09634968126693	140.0	1.3435453548661924	196.3862047537307
1.0	2.0	17.0	0.38568438632831753	0.020531968212646842	38.022402212855106	0.019281028318336776	0.31363976833274543	0.019280724790562496	0.037074293085117456	0.040091136542686416	227.34268319707982	140.0	1.62387630855057	235.63253826954357
1.0	3.0	17.0	0.5493660512701812	0.019347935874385176	38.018164615374	0.015278448262307776	0.37563388235260753	0.015277929391716651	0.0371652672807964	0.04157796040128456	240.61426621679308	140.0	1.7186733301199506	248.90412128925684
1.0	4.0	17.0	0.6498779871148791	0.019429729811735713	38.023668502538996	0.013441926034600964	0.3893394073826162	0.01344174680072094	0.04230040079183016	0.04379830055824585	194.13588520879478	140.0	1.3866848943485341	202.42574028125856
1.0	5.0	17.0	0.6821994496463548	0.02363711747413035	38.0283596361947	0.014744427684221588	0.3684931209713911	0.014744106267687424	0.05188377499251205	0.053762883427779094	180.75886947629323	140.0	1.291134781973523	189.048724548757
0.0	0.0	18.0	0.0	0.0	0.0	0.0	0.0	0.0	0.059258896835527486	0.05693134665489197	0.0	0.0	0.0	0.0
0.0	1.0	18.0	0.0	0.0	0.0	0.0	0.0	0.0	0.04682644703545772	0.046420298516750336	0.0	0.0	0.0	0.0
1.0	2.0	18.0	0.22826874720573245	0.01900979601313192	38.11080597996539	0.02769949201969829	0.2879626727605693	0.027697542299397075	0.04068422015991556	0.038518685943157736	148.6082297096122	140.0	1.0614873550686585	156.89808478207598
1.0	3.0	18.0	0.4080273772049835	0.016309463000823837	38.08075382951769	0.01592079283106348	0.3449032650064763	0.015920423620824745	0.03849375068154911	0.03642759097860448	146.33277443217884	140.0	1.0452341030869916	154.62262950464262
1.0	4.0	18.0	0.5780378016313763	0.017837294208283703	38.06315878080903	0.012484405009007825	0.3503536829124321	0.012484289859407135	0.045353621441626864	0.04092309503008992	128.07579887565066	140.0	0.9148271348260761	136.36565394811447
1.0	5.0	18.0	0.6858121088024836	0.02512964445244021	38.05957642080537	0.014106696062791082	0.3333804234399116	0.014106454772904266	0.05785783520102187	0.057111862603480223	148.636402235452	140.0	1.0616885873960857	156.9262573079158
0.0	0.0	19.0	0.0	0.0	0.0	0.0	0.0	0.0	0.07812199711045344	0.07268845289945602	0.0	0.0	0.0	0.0
0.0	1.0	19.0	0.0	0.0	0.0	0.0	0.0	0.0	0.06655096990189127	0.06169682368636131	0.0	0.0	0.0	0.0
0.0	2.0	19.0	0.0	0.0	0.0	0.0	0.0	0.0	0.0604257963777015	0.06364595890045166	0.0	0.0	0.0	0.0
1.0	3.0	19.0	0.3383936342548863	0.02500895237110815	38.124269605329474	0.02612596374007264	0.306086088472338	0.026124818272448305	0.05996271352384666	0.055532070374399584	125.8470558076663	140.0	0.8989075414833306	134.13691088013007
1.0	4.0	19.0	0.5295841457358816	0.027236330451981407	38.06919126488755	0.020130594601416148	0.3388916741504293	0.020129483976812367	0.065413710524655	0.0638393599634262	138.87025156854202	140.0	0.9919303683467287	147.1601066410058
1.0	5.0	19.0	0.6833463308357405	0.03486563493232954	38.0593968402388	0.01990680021473058	0.33780513864855677	0.019905735409284114	0.08094609625783217	0.08151477192571084	148.13440123477903	140.0	1.0581028659627074	156.4242563072428
0.0	0.0	20.0	0.0	0.0	0.0	0.0	0.0	0.0	0.12258547996754543	0.11561489850282669	0.0	0.0	0.0	0.0
0.0	1.0	20.0	0.0	0.0	0.0	0.0	0.0	0.0	0.10486683187057803	0.09877468645572662	0.0	0.0	0.0	0.0
0.0	2.0	20.0	0.0	0.0	0.0	0.0	0.0	0.0	0.09662001209565806	0.0943928062915802	0.0	0.0	0.0	0.0
1.0	3.0	20.0	0.33299892362379135	0.04162030092040791	38.12237421201861	0.04405741407980359	0.3051473880342561	0.044053423842272885	0.10266846408426394	0.09206416904182055	118.5435616801029	140.0	0.8467397262864492	126.83341675256666
1.0	4.0	20.0	0.5374371065284334	0.04542235150389755	38.0572976771769	0.03406727086104421	0.34899637024506713	0.03406553780213561	0.11407122664340655	0.10740645100238688	130.79513270534642	140.0	0.9342509478953316	139.0849877778102
1.0	5.0	20.0	0.7061624534789381	0.05646123765041514	38.05631155753571	0.03440437943133315	0.3725775538349627	0.0344030516196933	0.14216830203665023	0.13778511978024433	138.89294288877335	140.0	0.9920924492055239	147.18279796123713
